date       time    	Air_Temp	Barometric_Press	Dew_Point	Relative_Humidity	Wind_Dir	Wind_Gust	Wind_Speed
2012_01_01 00:02:14	34.30	30.50	26.90	74.20	346.40	11.00	 3.60
2012_01_01 00:08:29	34.10	30.50	26.50	73.60	349.00	12.00	 8.00
2012_01_01 00:14:45	33.90	30.60	26.80	75.00	217.80	12.00	 9.20
2012_01_01 00:21:00	33.80	30.60	27.30	76.60	280.80	17.00	14.00
2012_01_01 00:27:16	33.90	30.60	27.40	77.00	80.60	17.00	 9.20
2012_01_01 00:33:31	33.80	30.60	27.00	76.00	11.00	17.00	12.20
2012_01_01 00:39:46	33.60	30.60	27.10	76.60	81.00	15.00	10.80
2012_01_01 00:46:01	33.40	30.60	26.40	75.20	18.40	15.00	11.60
2012_01_01 00:52:16	33.40	30.50	27.10	77.40	20.40	15.00	12.40
2012_01_01 00:58:32	33.30	30.50	27.10	77.80	17.20	15.00	11.80
2012_01_01 01:04:48	33.30	30.50	27.40	78.40	11.40	16.00	13.80
2012_01_01 01:11:03	33.40	30.50	27.20	77.80	148.20	16.00	11.80
2012_01_01 01:17:19	33.50	30.60	27.80	79.20	353.20	17.00	14.00
2012_01_01 01:23:34	33.70	30.60	27.60	78.00	354.40	17.00	12.80
2012_01_01 01:29:50	34.00	30.60	26.70	74.40	336.00	17.00	 7.00
2012_01_01 01:36:06	34.00	30.60	26.40	73.20	351.00	 8.00	 5.00
2012_01_01 01:42:22	34.00	30.60	27.00	75.40	350.20	15.00	10.00
2012_01_01 01:48:37	33.50	30.60	26.50	75.20	218.60	17.00	10.00
2012_01_01 01:54:52	33.40	30.60	26.80	76.20	77.20	17.00	13.80
2012_01_01 02:01:08	33.10	30.60	26.10	75.00	356.00	19.00	12.40
2012_01_01 02:07:24	33.10	30.60	26.70	77.00	147.60	14.00	10.80
2012_01_01 02:13:39	33.20	30.60	27.00	77.80	78.20	14.00	 9.80
2012_01_01 02:19:56	33.20	30.60	26.90	77.40	21.40	14.00	10.20
2012_01_01 02:26:18	33.30	30.60	26.50	75.80	22.60	16.00	10.40
2012_01_01 02:32:34	33.30	30.60	26.00	74.40	20.60	16.00	10.20
2012_01_01 02:38:49	33.30	30.60	26.10	74.60	149.80	17.00	 9.60
2012_01_01 02:45:04	33.30	30.60	26.20	74.80	77.60	18.00	12.60
2012_01_01 02:51:23	33.40	30.60	26.20	74.80	148.80	18.00	12.40
2012_01_01 02:57:38	33.30	30.60	26.10	74.60	150.20	18.00	12.60
2012_01_01 03:03:55	33.40	30.60	26.30	74.80	15.40	18.00	12.00
2012_01_01 03:10:23	33.50	30.60	26.20	74.40	83.00	18.00	13.60
2012_01_01 03:16:50	33.30	30.60	26.70	76.20	281.40	18.00	12.80
2012_01_01 03:23:13	33.20	30.60	26.80	76.80	284.60	18.00	11.80
2012_01_01 03:29:41	33.30	30.60	26.90	77.20	217.00	18.00	14.00
2012_01_01 03:37:18	33.30	30.60	26.70	76.40	 8.80	16.00	13.40
2012_01_01 03:43:39	33.20	30.60	26.60	76.40	148.40	17.00	14.00
2012_01_01 03:49:55	33.40	30.60	27.40	78.40	216.00	18.00	12.40
2012_01_01 03:56:11	33.10	30.60	26.60	76.80	150.20	18.00	13.20
2012_01_01 04:10:16	32.90	30.60	26.50	77.00	150.60	16.00	10.80
2012_01_01 04:16:31	33.00	30.60	26.50	76.60	217.80	17.00	13.60
2012_01_01 04:22:46	33.10	30.60	26.60	76.40	346.60	17.00	12.20
2012_01_01 04:29:01	33.20	30.60	26.20	75.20	276.80	17.00	 7.60
2012_01_01 04:35:17	33.20	30.60	26.60	76.40	10.60	13.00	 9.60
2012_01_01 04:41:33	33.10	30.60	26.50	76.40	81.20	14.00	10.40
2012_01_01 04:47:48	33.00	30.60	26.60	77.00	81.60	14.00	 8.80
2012_01_01 04:56:03	33.00	30.60	26.50	76.60	19.20	14.00	 8.60
2012_01_01 05:02:19	33.00	30.60	26.50	76.80	221.80	15.00	10.60
2012_01_01 05:08:35	33.00	30.60	26.90	78.00	214.20	15.00	10.20
2012_01_01 05:14:50	33.20	30.60	27.00	77.80	147.20	15.00	12.00
2012_01_01 05:21:05	33.00	30.60	26.70	77.20	218.00	16.00	13.60
2012_01_01 05:27:21	33.10	30.60	27.10	78.20	285.60	16.00	13.40
2012_01_01 05:33:36	32.90	30.60	26.50	77.00	210.80	17.00	12.00
2012_01_01 05:39:52	32.90	30.60	26.70	77.80	11.00	17.00	13.00
2012_01_01 05:46:08	32.80	30.60	26.60	77.60	79.60	17.00	12.60
2012_01_01 05:52:24	33.10	30.60	26.90	77.80	148.20	17.00	13.60
2012_01_01 05:58:39	33.00	30.60	26.70	77.20	13.60	17.00	13.80
2012_01_01 06:04:54	33.10	30.60	26.80	77.40	14.80	17.00	11.80
2012_01_01 06:11:10	32.80	30.60	26.40	76.80	75.80	16.00	11.80
2012_01_01 06:17:25	32.80	30.60	26.80	78.20	146.80	16.00	11.80
2012_01_01 06:23:51	32.70	30.60	26.40	77.40	217.00	17.00	13.80
2012_01_01 06:30:09	32.90	30.60	26.80	77.80	 5.80	17.00	14.40
2012_01_01 06:36:28	32.90	30.60	26.90	78.40	147.00	17.00	14.00
2012_01_01 06:42:44	32.70	30.60	26.60	78.00	78.60	17.00	13.80
2012_01_01 06:48:59	32.40	30.60	26.00	76.80	211.20	17.00	10.40
2012_01_01 06:55:16	32.40	30.60	26.00	77.00	347.80	17.00	10.40
2012_01_01 07:01:31	32.70	30.60	26.80	78.60	215.40	17.00	12.20
2012_01_01 07:07:47	32.60	30.60	26.30	77.20	146.00	15.00	12.00
2012_01_01 07:14:03	32.40	30.60	25.90	76.60	76.60	15.00	12.20
2012_01_01 07:20:18	32.40	30.60	26.20	77.40	10.40	15.00	10.40
2012_01_01 07:26:34	32.40	30.60	25.80	76.40	83.00	15.00	 9.60
2012_01_01 07:32:49	32.50	30.60	26.20	77.20	80.40	15.00	 8.40
2012_01_01 07:39:06	32.60	30.60	26.30	77.20	145.00	13.00	 8.60
2012_01_01 07:45:22	32.70	30.60	26.40	77.20	279.80	13.00	 8.60
2012_01_01 07:51:37	32.80	30.60	26.30	76.40	350.80	15.00	10.40
2012_01_01 07:57:53	32.90	30.60	26.70	77.80	148.00	15.00	11.80
2012_01_01 08:04:09	32.80	30.60	26.50	77.40	148.60	15.00	13.20
2012_01_01 08:10:25	32.70	30.60	26.30	76.80	217.80	15.00	11.40
2012_01_01 08:16:41	32.70	30.60	26.20	76.60	148.80	15.00	12.20
2012_01_01 08:22:56	32.60	30.60	26.10	76.60	216.80	15.00	10.80
2012_01_01 08:29:12	32.60	30.60	26.10	76.80	76.80	15.00	10.60
2012_01_01 08:35:28	32.60	30.60	26.10	76.60	218.20	13.00	10.40
2012_01_01 08:41:43	32.60	30.70	26.30	77.20	286.00	13.00	10.20
2012_01_01 08:47:59	32.90	30.60	26.50	77.00	146.80	18.00	13.20
2012_01_01 08:54:16	32.90	30.70	26.70	77.60	215.20	18.00	14.60
2012_01_01 09:00:31	32.80	30.70	26.10	76.20	219.00	18.00	12.20
2012_01_01 09:06:47	33.00	30.70	26.40	76.40	286.20	19.00	13.60
2012_01_01 09:14:03	33.10	30.70	26.50	76.60	149.00	19.00	14.20
2012_01_01 09:20:19	33.10	30.70	26.90	77.60	 8.60	19.00	14.80
2012_01_01 09:26:35	33.00	30.70	26.20	75.60	218.60	19.00	13.20
2012_01_01 09:32:51	32.90	30.70	25.90	75.20	148.60	19.00	13.00
2012_01_01 09:39:08	32.80	30.70	26.00	75.60	359.00	15.00	11.80
2012_01_01 09:45:29	33.00	30.70	26.20	75.80	212.80	15.00	10.20
2012_01_01 09:51:45	33.20	30.70	26.20	75.40	353.20	15.00	 9.00
2012_01_01 09:58:01	33.20	30.70	26.30	75.60	286.00	15.00	 8.60
2012_01_01 10:04:19	33.40	30.70	26.70	76.00	356.00	20.00	14.60
2012_01_01 10:10:35	33.40	30.70	26.50	75.60	350.80	20.00	12.20
2012_01_01 10:16:51	33.20	30.70	26.50	76.00	287.80	20.00	11.40
2012_01_01 10:23:07	33.30	30.70	25.80	73.80	147.60	20.00	11.40
2012_01_01 10:29:23	33.30	30.70	25.90	74.00	284.00	20.00	10.80
2012_01_01 10:35:39	33.30	30.70	25.70	73.40	143.40	12.00	 8.80
2012_01_01 10:41:54	33.50	30.70	26.20	74.40	81.40	13.00	10.00
2012_01_01 10:48:11	33.50	30.70	26.20	74.20	358.00	14.00	10.80
2012_01_01 10:54:27	33.50	30.70	26.20	74.20	284.20	14.00	11.40
2012_01_01 11:00:42	33.50	30.70	26.30	74.60	284.80	14.00	11.60
2012_01_01 11:06:58	33.60	30.70	26.40	74.80	289.80	15.00	11.80
2012_01_01 11:13:14	33.70	30.70	26.30	74.00	283.40	15.00	10.60
2012_01_01 11:19:30	33.60	30.70	26.50	75.00	148.00	16.00	11.40
2012_01_01 11:25:46	33.60	30.70	26.20	74.00	354.40	16.00	11.80
2012_01_01 11:32:02	33.70	30.70	26.60	75.00	355.20	16.00	12.20
2012_01_01 11:38:18	33.70	30.70	26.30	74.00	345.00	16.00	10.20
2012_01_01 11:44:34	33.90	30.70	26.50	74.00	284.00	16.00	12.00
2012_01_01 11:50:50	33.80	30.70	26.30	73.80	283.20	16.00	10.40
2012_01_01 11:58:05	33.90	30.70	26.20	73.00	147.80	17.00	11.60
2012_01_01 12:04:22	34.00	30.70	26.30	73.00	214.60	17.00	12.00
2012_01_01 12:10:38	34.00	30.70	26.20	72.80	354.60	14.00	11.20
2012_01_01 12:16:54	34.00	30.60	26.40	73.20	285.40	14.00	10.00
2012_01_01 12:23:10	34.30	30.60	26.80	73.60	281.40	14.00	10.40
2012_01_01 12:29:26	34.30	30.60	26.40	72.40	348.20	14.00	10.40
2012_01_01 12:35:42	34.40	30.70	26.30	72.00	354.20	13.00	10.80
2012_01_01 12:41:57	34.40	30.70	26.10	71.40	282.80	13.00	 9.60
2012_01_01 12:48:14	34.60	30.70	26.40	71.60	351.80	13.00	 9.40
2012_01_01 12:54:29	34.60	30.70	26.00	70.60	287.00	13.00	 9.20
2012_01_01 13:00:45	34.60	30.60	26.50	72.20	218.20	13.00	 7.80
2012_01_01 13:07:01	34.70	30.60	26.90	73.00	75.00	10.00	 7.60
2012_01_01 13:13:17	34.80	30.60	26.70	72.00	286.60	11.00	 8.20
2012_01_01 13:19:33	34.90	30.60	26.50	70.80	282.60	12.00	 7.40
2012_01_01 13:25:49	35.10	30.60	26.50	70.60	338.40	12.00	 7.60
2012_01_01 13:32:04	35.20	30.60	26.30	69.80	278.00	12.00	 7.60
2012_01_01 13:38:29	35.20	30.60	26.50	70.20	277.20	12.00	 8.40
2012_01_01 13:44:49	35.20	30.60	27.00	71.80	219.80	12.00	10.40
2012_01_01 13:51:05	35.30	30.60	27.00	71.40	286.00	12.00	10.20
2012_01_01 13:57:21	35.60	30.60	27.60	72.40	216.80	12.00	 9.40
2012_01_01 14:03:37	35.70	30.60	27.40	71.20	278.60	13.00	 9.80
2012_01_01 14:09:53	35.90	30.60	27.40	71.00	217.80	14.00	11.00
2012_01_01 14:16:09	35.80	30.60	26.80	69.40	217.00	14.00	10.60
2012_01_01 14:22:25	35.80	30.60	26.60	68.80	351.00	14.00	 8.00
2012_01_01 14:28:42	35.80	30.60	26.40	68.20	351.20	14.00	 9.20
2012_01_01 14:34:57	36.00	30.60	27.30	70.20	285.00	14.00	 9.20
2012_01_01 14:41:14	36.10	30.60	26.50	67.80	217.20	13.00	10.00
2012_01_01 14:47:33	36.10	30.60	26.40	67.60	75.80	13.00	 9.80
2012_01_01 14:53:49	36.10	30.60	27.30	70.00	145.00	13.00	11.00
2012_01_01 15:00:05	36.10	30.60	26.80	68.80	278.40	13.00	 7.80
2012_01_01 15:06:24	36.10	30.60	27.00	69.20	282.80	12.00	 9.80
2012_01_01 15:12:39	36.30	30.60	26.90	68.40	268.40	12.00	 8.40
2012_01_01 15:18:55	36.30	30.60	27.10	68.80	346.60	12.00	 9.20
2012_01_01 15:25:11	36.40	30.60	27.10	68.60	343.60	13.00	10.40
2012_01_01 15:31:27	36.50	30.60	27.00	68.00	349.00	13.00	10.80
2012_01_01 15:37:43	36.40	30.60	26.90	68.00	356.00	16.00	12.00
2012_01_01 15:43:58	36.50	30.60	27.20	68.60	354.80	16.00	11.60
2012_01_01 15:50:15	36.50	30.60	27.50	69.60	146.60	16.00	10.00
2012_01_01 15:56:30	36.50	30.60	27.20	68.60	283.00	16.00	10.80
2012_01_01 16:02:46	36.50	30.60	27.20	68.60	215.80	16.00	10.40
2012_01_01 16:10:03	36.50	30.60	27.20	68.60	83.20	14.00	11.80
2012_01_01 16:16:19	36.50	30.60	27.60	69.80	147.80	14.00	11.40
2012_01_01 16:22:35	36.50	30.60	27.90	70.80	221.20	14.00	 9.60
2012_01_01 16:28:51	36.40	30.60	27.40	69.60	 9.60	14.00	 8.40
2012_01_01 16:35:09	36.30	30.60	27.70	70.60	216.20	15.00	10.40
2012_01_01 16:41:25	36.30	30.60	27.60	70.20	81.00	15.00	11.80
2012_01_01 16:47:41	36.20	30.60	27.10	69.40	17.00	15.00	 9.20
2012_01_01 16:53:57	36.10	30.60	27.40	70.40	81.40	15.00	 9.60
2012_01_01 17:00:13	35.90	30.60	27.20	70.40	13.20	15.00	 7.80
2012_01_01 17:11:51	35.90	30.60	27.30	70.60	216.00	10.00	 7.60
2012_01_01 17:19:15	36.00	30.60	27.90	72.00	81.80	15.00	10.60
2012_01_01 17:28:08	35.70	30.60	27.40	71.60	83.40	15.00	 8.20
2012_01_01 17:34:42	35.60	30.60	27.40	71.80	77.20	15.00	 8.80
2012_01_01 17:41:23	35.50	30.60	27.80	73.20	23.60	13.00	 9.80
2012_01_01 17:47:48	35.70	30.60	27.60	72.20	10.60	16.00	12.00
2012_01_01 17:54:07	36.10	30.60	27.90	72.00	 7.80	17.00	14.00
2012_01_01 18:00:24	36.10	30.60	27.90	71.60	146.80	17.00	15.20
2012_01_01 18:06:40	36.20	30.60	27.90	71.60	283.00	20.00	16.00
2012_01_01 18:12:56	36.10	30.60	27.80	71.40	289.60	20.00	13.20
2012_01_01 18:19:12	36.20	30.60	27.90	71.60	287.00	20.00	15.20
2012_01_01 18:25:28	36.20	30.60	27.90	71.60	353.60	20.00	13.40
2012_01_01 18:31:45	36.20	30.60	27.60	70.80	213.00	20.00	13.80
2012_01_01 18:38:01	36.10	30.60	27.90	71.80	147.00	17.00	13.40
2012_01_01 18:44:17	35.90	30.60	27.60	71.60	 9.60	17.00	11.40
2012_01_01 18:50:33	35.90	30.60	28.10	73.00	89.00	17.00	 9.60
2012_01_01 18:56:50	36.00	30.60	27.80	71.80	150.00	17.00	11.60
2012_01_01 19:04:06	35.90	30.60	28.10	72.80	149.20	17.00	11.80
2012_01_01 19:10:23	36.00	30.60	28.10	72.60	285.00	16.00	12.20
2012_01_01 19:16:39	36.20	30.60	28.20	72.40	138.20	17.00	12.40
2012_01_01 19:22:56	36.10	30.60	28.40	73.20	80.00	17.00	12.00
2012_01_01 19:29:12	35.90	30.60	27.90	72.40	10.60	17.00	11.60
2012_01_01 19:35:29	35.90	30.60	27.90	72.20	28.40	14.00	10.20
2012_01_01 19:41:46	35.80	30.60	28.00	73.00	16.20	14.00	 9.60
2012_01_01 19:49:02	35.70	30.60	27.80	72.60	213.60	18.00	10.60
2012_01_01 19:55:19	35.90	30.60	27.80	72.20	213.60	18.00	12.60
2012_01_01 20:01:35	35.80	30.60	27.70	72.20	284.00	18.00	10.60
2012_01_01 20:07:52	35.70	30.60	27.80	72.80	149.80	13.00	10.40
2012_01_01 20:14:09	35.70	30.60	27.50	71.80	217.80	16.00	12.60
2012_01_01 20:20:26	35.70	30.60	27.80	72.60	10.80	16.00	11.20
2012_01_01 20:26:42	35.80	30.60	27.70	72.20	83.40	19.00	11.60
2012_01_01 20:32:59	35.90	30.60	28.10	73.20	 8.40	19.00	12.80
2012_01_01 20:39:16	35.80	30.60	27.80	72.40	146.00	18.00	12.60
2012_01_01 20:45:32	35.80	30.60	27.80	72.60	79.60	18.00	 9.00
2012_01_01 20:51:49	35.70	30.60	27.80	72.60	285.80	18.00	11.20
2012_01_01 20:58:06	35.90	30.60	27.70	72.00	144.40	18.00	 9.60
2012_01_01 21:04:22	35.60	30.60	27.40	71.80	287.00	18.00	10.00
2012_01_01 21:10:39	35.40	30.60	27.40	72.40	283.20	14.00	 9.20
2012_01_01 21:16:55	35.40	30.50	27.70	73.20	151.80	14.00	10.60
2012_01_01 21:23:12	35.30	30.50	27.40	72.60	19.20	14.00	 9.80
2012_01_01 21:29:28	35.20	30.50	27.40	73.00	 6.60	14.00	 8.60
2012_01_01 21:35:54	35.30	30.50	27.80	73.80	12.80	11.00	 8.40
2012_01_01 21:42:16	35.20	30.50	27.60	73.40	80.00	12.00	 8.80
2012_01_01 21:48:33	35.20	30.50	27.40	72.80	287.00	12.00	 7.40
2012_01_01 21:54:49	35.30	30.50	27.60	73.20	217.00	12.00	 8.20
2012_01_01 22:02:06	35.40	30.50	27.90	74.00	145.80	12.00	10.20
2012_01_01 22:08:23	35.40	30.50	27.80	73.40	145.00	12.00	 8.00
2012_01_01 22:14:39	35.40	30.50	28.00	74.00	81.00	14.00	 8.00
2012_01_01 22:20:55	35.50	30.50	28.00	74.00	215.20	14.00	 9.40
2012_01_01 22:27:12	35.60	30.50	28.20	74.00	147.60	15.00	10.40
2012_01_01 22:33:29	35.50	30.50	27.60	72.60	215.00	15.00	10.40
2012_01_01 22:39:45	35.50	30.50	28.20	74.40	280.40	12.00	 8.80
2012_01_01 22:46:01	35.50	30.50	27.90	73.80	350.80	12.00	 8.00
2012_01_01 22:52:19	35.40	30.50	27.80	73.60	342.60	12.00	 8.60
2012_01_01 22:58:35	35.40	30.50	27.90	74.00	348.00	13.00	 9.80
2012_01_01 23:04:51	35.40	30.50	28.00	74.00	328.20	13.00	10.80
2012_01_01 23:11:09	35.10	30.50	27.40	73.00	344.60	15.00	 9.80
2012_01_01 23:17:24	35.00	30.50	27.70	74.40	282.00	15.00	10.80
2012_01_01 23:23:41	34.90	30.50	27.90	75.20	350.40	15.00	10.40
2012_01_01 23:29:57	34.90	30.50	27.90	75.20	287.80	15.00	 8.20
2012_01_01 23:36:15	34.90	30.50	27.90	75.20	149.40	10.00	 7.40
2012_01_01 23:42:31	34.90	30.50	27.60	74.20	215.00	11.00	 9.00
2012_01_01 23:48:47	34.90	30.50	27.70	74.60	215.00	12.00	 9.00
2012_01_01 23:55:03	34.90	30.50	27.90	75.20	286.20	13.00	 7.40
2012_01_02 00:01:21	34.90	30.50	27.80	75.20	356.00	13.00	 7.80
2012_01_02 00:07:36	34.80	30.50	27.30	74.00	215.80	10.00	 8.00
2012_01_02 00:13:52	34.70	30.50	27.80	75.60	353.80	10.00	 6.40
2012_01_02 00:20:08	34.80	30.50	27.40	74.00	332.80	11.00	 8.00
2012_01_02 00:26:24	34.80	30.50	27.50	74.40	282.00	13.00	 7.80
2012_01_02 00:32:40	34.70	30.50	27.20	73.80	349.20	13.00	 9.00
2012_01_02 00:38:56	34.90	30.50	27.80	75.20	327.80	13.00	 9.40
2012_01_02 00:45:12	34.80	30.50	27.80	75.20	338.60	14.00	10.60
2012_01_02 00:51:28	34.70	30.50	28.50	78.00	208.00	15.00	12.20
2012_01_02 00:57:44	34.50	30.50	28.30	77.80	147.00	15.00	 7.80
2012_01_02 01:04:11	34.50	30.50	27.70	76.00	351.40	15.00	 9.80
2012_01_02 01:10:28	34.60	30.50	27.50	75.00	336.00	13.00	 8.00
2012_01_02 01:16:43	34.60	30.50	27.70	75.60	339.80	13.00	 8.00
2012_01_02 01:22:59	34.50	30.50	27.10	74.20	342.00	13.00	 7.40
2012_01_02 01:29:15	34.50	30.50	27.40	75.00	327.40	13.00	 8.40
2012_01_02 01:35:31	34.50	30.50	27.50	75.60	338.80	14.00	11.20
2012_01_02 01:41:47	34.40	30.50	27.50	75.60	350.60	14.00	 9.20
2012_01_02 01:48:02	34.30	30.50	27.40	75.60	78.00	14.00	 6.60
2012_01_02 01:54:18	34.40	30.50	27.20	74.80	219.80	14.00	 5.20
2012_01_02 02:00:34	34.40	30.50	27.20	74.60	275.40	14.00	 5.60
2012_01_02 02:06:50	34.30	30.50	26.90	74.00	 9.20	 8.00	 5.60
2012_01_02 02:13:06	34.30	30.50	27.10	74.80	 9.00	 8.00	 4.80
2012_01_02 02:19:22	34.40	30.50	27.40	75.40	268.80	11.00	 8.00
2012_01_02 02:25:37	34.30	30.50	27.20	74.80	336.00	11.00	 8.20
2012_01_02 02:31:53	34.40	30.50	27.70	76.40	325.40	12.00	 9.00
2012_01_02 02:38:08	34.30	30.50	27.90	77.20	347.60	11.00	 8.20
2012_01_02 02:44:24	34.00	30.50	28.00	78.40	329.40	11.00	 7.20
2012_01_02 02:50:39	34.00	30.40	28.20	79.20	351.00	11.00	 8.40
2012_01_02 02:56:54	33.70	30.40	28.10	79.80	350.80	11.00	 6.40
2012_01_02 03:03:10	33.70	30.40	27.60	78.20	353.60	11.00	 6.00
2012_01_02 03:09:26	33.90	30.40	27.50	77.00	340.20	10.00	 7.60
2012_01_02 03:15:41	34.10	30.40	27.70	77.20	341.00	11.00	 8.40
2012_01_02 03:21:56	34.00	30.40	27.30	76.20	348.80	11.00	 9.20
2012_01_02 03:28:12	33.90	30.40	27.60	77.40	354.20	11.00	 6.60
2012_01_02 03:34:27	33.90	30.40	27.20	76.40	360.00	11.00	 6.40
2012_01_02 03:40:43	33.90	30.40	27.40	76.80	353.80	 9.00	 5.00
2012_01_02 03:46:58	33.90	30.40	27.30	76.40	330.40	 9.00	 5.80
2012_01_02 03:53:14	33.80	30.40	27.20	76.40	341.00	 9.00	 6.20
2012_01_02 03:59:29	33.80	30.40	27.20	76.60	337.80	 9.00	 6.20
2012_01_02 04:10:48	33.80	30.40	28.00	79.00	342.20	 9.00	 6.20
2012_01_02 04:17:19	33.70	30.40	27.70	78.20	342.20	 9.00	 6.60
2012_01_02 04:25:19	33.60	30.40	27.60	78.40	356.00	 9.00	 5.40
2012_01_02 04:31:37	33.50	30.40	27.40	77.80	355.00	 9.00	 6.00
2012_01_02 04:37:51	33.50	30.40	27.50	78.40	355.00	 8.00	 5.40
2012_01_02 04:44:05	33.50	30.40	27.50	78.60	335.60	 9.00	 7.00
2012_01_02 04:50:35	33.40	30.40	27.40	78.40	344.60	10.00	 7.80
2012_01_02 04:57:50	33.30	30.40	27.30	78.40	337.60	10.00	 7.80
2012_01_02 05:04:08	33.30	30.40	27.10	77.60	339.60	11.00	 7.40
2012_01_02 05:10:24	33.30	30.40	27.10	77.60	334.80	11.00	 8.40
2012_01_02 05:16:38	33.20	30.40	27.10	78.00	321.60	11.00	 7.60
2012_01_02 05:22:54	33.30	30.40	27.50	79.00	320.60	11.00	 8.00
2012_01_02 05:29:09	33.30	30.40	27.40	78.80	338.20	11.00	 8.60
2012_01_02 05:35:24	33.20	30.40	27.20	78.60	327.40	11.00	 8.60
2012_01_02 05:41:40	33.10	30.40	27.60	80.00	345.80	11.00	 7.40
2012_01_02 05:47:55	33.10	30.40	27.60	80.20	339.80	11.00	 6.80
2012_01_02 05:54:11	33.10	30.40	27.70	80.40	349.80	11.00	 7.20
2012_01_02 06:00:27	33.10	30.40	27.70	80.20	 6.60	11.00	 8.00
2012_01_02 06:06:43	33.20	30.40	27.70	80.00	142.80	10.00	 7.80
2012_01_02 06:12:58	33.20	30.40	27.70	80.00	349.00	11.00	 9.60
2012_01_02 06:19:14	33.10	30.40	27.70	80.20	352.40	13.00	 9.80
2012_01_02 06:25:29	32.90	30.40	27.50	80.20	145.00	13.00	 9.20
2012_01_02 06:31:44	32.80	30.40	27.30	80.00	 8.60	13.00	 7.80
2012_01_02 06:38:00	32.90	30.40	27.40	80.00	12.00	10.00	 7.80
2012_01_02 06:44:16	32.80	30.40	27.30	80.00	148.60	10.00	 7.60
2012_01_02 06:50:31	32.70	30.40	27.10	79.60	343.40	10.00	 7.20
2012_01_02 06:56:46	32.80	30.40	27.40	80.20	282.20	10.00	 7.20
2012_01_02 07:03:02	32.60	30.40	27.10	80.00	346.20	11.00	 9.40
2012_01_02 07:09:18	32.60	30.40	27.20	80.20	349.00	13.00	10.00
2012_01_02 07:15:33	32.50	30.40	26.80	79.20	280.60	13.00	 9.40
2012_01_02 07:21:48	32.70	30.40	27.60	81.60	355.00	13.00	 8.60
2012_01_02 07:28:04	32.50	30.40	27.20	80.60	348.60	13.00	 9.80
2012_01_02 07:34:20	32.50	30.40	27.40	81.20	351.60	13.00	 8.80
2012_01_02 07:40:36	32.50	30.40	27.20	80.60	327.40	11.00	 7.60
2012_01_02 07:46:51	32.80	30.40	27.80	81.60	341.00	14.00	10.60
2012_01_02 07:53:07	32.90	30.40	27.70	81.00	147.20	14.00	 5.60
2012_01_02 07:59:24	32.80	30.40	27.70	81.40	213.00	14.00	 8.60
2012_01_02 08:05:39	32.60	30.40	27.20	80.60	140.60	10.00	 8.20
2012_01_02 08:11:55	32.40	30.40	27.20	81.00	281.00	10.00	 7.00
2012_01_02 08:18:11	32.50	30.40	27.40	81.20	 5.00	10.00	 6.00
2012_01_02 08:24:39	32.70	30.40	27.50	81.00	208.80	11.00	 7.80
2012_01_02 08:31:13	32.70	30.40	27.50	81.00	335.40	11.00	 8.80
2012_01_02 08:37:29	32.70	30.40	27.50	81.00	353.80	12.00	 9.80
2012_01_02 08:43:44	32.60	30.40	27.40	81.00	353.40	12.00	 7.80
2012_01_02 08:49:59	32.60	30.40	27.50	81.40	285.40	12.00	 7.00
2012_01_02 08:56:15	32.70	30.30	27.40	80.60	219.20	12.00	 8.80
2012_01_02 09:02:31	32.50	30.30	27.20	80.40	152.20	12.00	 7.60
2012_01_02 09:08:47	32.50	30.30	27.30	81.20	212.40	10.00	 5.80
2012_01_02 09:15:02	32.70	30.30	27.60	81.40	338.40	10.00	 5.60
2012_01_02 09:21:19	32.90	30.30	27.50	80.40	339.80	10.00	 8.00
2012_01_02 09:27:35	33.00	30.30	27.30	79.40	320.00	10.00	 7.60
2012_01_02 09:33:50	32.90	30.30	27.30	79.80	344.80	10.00	 7.20
2012_01_02 09:40:05	32.70	30.30	27.40	80.60	341.60	10.00	 8.20
2012_01_02 09:46:21	32.60	30.30	27.20	80.60	335.40	11.00	 7.60
2012_01_02 09:52:37	32.60	30.30	27.20	80.40	343.00	11.00	 6.80
2012_01_02 09:58:53	32.60	30.30	27.30	80.60	344.00	11.00	 8.40
2012_01_02 10:05:08	32.70	30.30	27.50	80.80	334.80	11.00	 7.80
2012_01_02 10:11:24	32.80	30.30	27.50	80.60	343.20	11.00	 7.40
2012_01_02 10:17:40	32.80	30.30	27.40	80.20	355.00	11.00	 6.20
2012_01_02 10:23:55	32.80	30.30	27.30	80.00	328.00	11.00	 5.60
2012_01_02 10:30:11	32.70	30.30	27.30	80.60	340.00	11.00	 6.00
2012_01_02 10:36:28	32.70	30.30	27.40	80.60	341.20	 8.00	 6.20
2012_01_02 10:42:44	32.80	30.30	27.20	79.80	344.00	 9.00	 6.00
2012_01_02 10:48:59	32.90	30.30	27.20	79.60	344.00	 9.00	 4.60
2012_01_02 10:55:15	33.00	30.30	27.60	80.40	317.40	 9.00	 7.40
2012_01_02 11:01:31	33.10	30.30	27.70	80.40	341.40	 9.00	 6.00
2012_01_02 11:07:47	33.00	30.30	27.60	80.20	330.20	 8.00	 5.60
2012_01_02 11:14:02	33.00	30.30	27.50	80.00	331.00	 8.00	 4.80
2012_01_02 11:20:19	33.10	30.30	27.60	80.00	336.00	 8.00	 5.40
2012_01_02 11:26:35	33.20	30.30	27.50	79.40	331.00	 8.00	 6.00
2012_01_02 11:32:51	33.10	30.30	27.50	79.60	311.80	 8.00	 5.60
2012_01_02 11:39:06	33.20	30.30	27.50	79.40	306.80	 9.00	 5.60
2012_01_02 11:45:23	33.30	30.30	27.80	80.00	316.20	 9.00	 5.80
2012_01_02 11:51:38	33.40	30.30	28.10	80.40	328.00	 9.00	 5.00
2012_01_02 11:58:02	33.50	30.20	28.00	80.00	328.00	 9.00	 4.60
2012_01_02 12:04:23	33.50	30.20	28.10	80.20	328.80	 9.00	 4.60
2012_01_02 12:10:39	33.40	30.20	27.70	79.20	329.00	 6.00	 5.00
2012_01_02 12:16:55	33.50	30.20	28.00	80.00	329.00	 7.00	 4.00
2012_01_02 12:23:11	33.70	30.20	28.20	80.00	328.40	 7.00	 4.80
2012_01_02 12:29:27	33.80	30.20	28.30	79.80	309.00	 8.00	 6.00
2012_01_02 12:35:43	34.10	30.20	28.20	78.80	297.00	10.00	 6.80
2012_01_02 12:41:59	34.20	30.20	27.90	77.40	301.80	11.00	 7.40
2012_01_02 12:48:15	34.30	30.20	28.10	77.60	295.20	12.00	 6.60
2012_01_02 12:54:30	34.30	30.20	27.90	77.00	308.00	12.00	 4.80
2012_01_02 13:00:47	34.40	30.20	27.70	76.20	308.20	12.00	 3.20
2012_01_02 13:07:02	34.40	30.20	28.00	77.20	327.00	 7.00	 4.60
2012_01_02 13:13:18	34.40	30.20	28.10	77.60	317.80	 8.00	 7.00
2012_01_02 13:19:34	34.40	30.20	28.20	77.60	285.00	 8.00	 4.80
2012_01_02 13:25:50	34.40	30.20	28.00	77.20	285.00	 8.00	 4.40
2012_01_02 13:32:06	34.40	30.20	28.00	77.20	285.00	 9.00	 6.20
2012_01_02 13:38:22	34.50	30.20	28.20	77.60	285.00	 9.00	 6.20
2012_01_02 13:44:38	34.70	30.20	28.30	77.00	285.00	 9.00	 6.20
2012_01_02 13:50:54	34.80	30.20	28.20	76.40	284.00	 9.00	 6.20
2012_01_02 13:57:10	34.90	30.20	28.10	76.00	298.00	 9.00	 4.40
2012_01_02 14:03:26	35.00	30.20	28.10	75.80	311.00	 9.00	 4.60
2012_01_02 14:09:41	35.00	30.20	28.00	75.20	313.40	 8.00	 4.00
2012_01_02 14:15:58	35.10	30.20	28.70	77.20	314.60	 8.00	 4.40
2012_01_02 14:22:14	35.10	30.20	28.40	76.20	319.00	 8.00	 4.60
2012_01_02 14:28:29	35.10	30.20	28.60	77.00	326.80	 8.00	 4.80
2012_01_02 14:34:45	35.00	30.20	28.70	77.80	328.80	 8.00	 6.00
2012_01_02 14:41:02	35.00	30.10	28.60	77.40	328.60	 8.00	 6.00
2012_01_02 14:47:18	35.00	30.10	28.90	78.20	326.20	 9.00	 6.80
2012_01_02 14:53:34	35.10	30.10	29.40	79.40	330.40	 9.00	 6.40
2012_01_02 14:59:50	35.30	30.10	29.40	79.00	329.00	10.00	 7.00
2012_01_02 15:06:05	35.20	30.10	29.30	78.80	304.80	 9.00	 7.20
2012_01_02 15:12:21	35.50	30.10	29.90	79.80	326.20	 9.00	 4.40
2012_01_02 15:18:37	35.50	30.10	29.10	77.40	333.00	 9.00	 0.40
2012_01_02 15:24:53	35.50	30.10	29.00	77.00	333.00	 9.00	 0.80
2012_01_02 15:31:09	35.50	30.10	29.20	77.40	333.00	 9.00	 4.60
2012_01_02 15:37:25	35.60	30.10	29.20	77.20	333.00	 5.00	 3.20
2012_01_02 15:43:43	35.70	30.10	29.00	76.40	333.00	 5.00	 1.00
2012_01_02 15:50:17	35.80	30.10	29.10	76.40	333.00	 5.00	 2.00
2012_01_02 15:56:34	35.80	30.10	29.10	76.20	333.00	 5.00	 3.20
2012_01_02 16:02:50	35.90	30.10	29.10	76.00	333.00	 5.00	 0.40
2012_01_02 16:09:06	35.90	30.10	29.20	76.40	333.00	 2.00	 0.20
2012_01_02 16:15:22	35.90	30.10	29.00	75.60	333.00	 2.00	 0.40
2012_01_02 16:21:38	36.00	30.20	29.00	75.40	333.00	 3.00	 0.60
2012_01_02 16:27:54	36.10	30.20	28.80	74.40	333.00	 3.00	 0.40
2012_01_02 16:34:10	36.30	30.20	29.90	77.60	105.00	 6.00	 5.00
2012_01_02 16:40:26	36.20	30.20	30.10	78.20	107.00	 6.00	 3.40
2012_01_02 16:46:42	36.20	30.20	30.20	78.60	107.00	 6.00	 4.60
2012_01_02 16:52:58	36.20	30.20	30.20	78.60	107.00	 7.00	 5.60
2012_01_02 16:59:14	36.10	30.20	30.00	78.40	125.80	 7.00	 6.00
2012_01_02 17:10:15	36.20	30.20	30.20	78.60	133.80	 8.00	 6.20
2012_01_02 17:16:31	36.30	30.20	30.50	79.20	130.20	 8.00	 7.20
2012_01_02 17:22:47	36.30	30.20	30.70	80.00	135.20	 9.00	 8.20
2012_01_02 17:29:02	36.30	30.20	30.70	80.00	142.00	11.00	 9.20
2012_01_02 17:35:18	36.20	30.20	30.60	80.00	146.60	12.00	 9.60
2012_01_02 17:41:34	36.20	30.20	30.80	80.60	139.60	12.00	10.20
2012_01_02 17:47:50	36.30	30.20	31.20	81.60	141.40	12.00	 8.80
2012_01_02 17:54:06	36.30	30.20	30.90	80.80	153.00	12.00	 8.40
2012_01_02 18:00:22	36.30	30.20	31.10	81.20	165.00	12.00	 6.60
2012_01_02 18:06:38	36.10	30.20	30.10	78.40	172.00	 8.00	 4.00
2012_01_02 18:12:54	36.20	30.20	30.80	80.80	254.60	10.00	 7.20
2012_01_02 18:19:10	36.40	30.20	31.00	80.60	272.80	10.00	 7.00
2012_01_02 18:25:26	36.60	30.20	30.80	79.40	272.00	10.00	 6.00
2012_01_02 18:31:42	36.50	30.20	30.80	79.60	28.40	10.00	 3.80
2012_01_02 18:37:58	36.40	30.20	30.90	80.20	41.00	 6.00	 2.00
2012_01_02 18:44:15	36.30	30.20	30.80	80.20	42.00	 6.00	 1.60
2012_01_02 18:50:31	36.30	30.20	30.70	80.20	65.80	 8.00	 4.60
2012_01_02 18:56:47	36.40	30.20	31.40	82.20	86.80	 8.00	 5.20
2012_01_02 19:03:03	36.20	30.20	31.00	81.40	86.00	 8.00	 3.40
2012_01_02 19:09:20	36.10	30.20	30.50	80.00	86.00	 4.00	 0.80
2012_01_02 19:15:35	36.10	30.20	30.80	81.00	86.00	 4.00	 0.00
2012_01_02 19:21:51	36.10	30.20	30.80	80.80	86.00	 4.00	 0.00
2012_01_02 19:28:08	36.20	30.20	30.80	80.80	86.00	 4.00	 0.20
2012_01_02 19:34:24	36.20	30.20	30.80	80.60	86.00	 4.00	 0.40
2012_01_02 19:40:41	36.30	30.20	30.60	79.80	86.00	 2.00	 0.00
2012_01_02 19:47:12	36.40	30.20	30.80	79.80	86.00	 3.00	 0.80
2012_01_02 19:53:30	36.50	30.20	30.90	80.00	86.20	 3.00	 1.20
2012_01_02 19:59:46	36.50	30.20	31.10	80.60	86.00	 4.00	 2.40
2012_01_02 20:06:02	36.60	30.20	31.50	81.80	86.00	 5.00	 3.60
2012_01_02 20:12:18	36.70	30.20	31.60	81.60	86.00	 5.00	 1.80
2012_01_02 20:18:34	36.60	30.20	31.60	82.00	86.00	 5.00	 1.00
2012_01_02 20:24:51	36.50	30.20	31.50	82.00	86.00	 5.00	 1.20
2012_01_02 20:31:07	36.50	30.20	31.50	82.00	86.00	 5.00	 2.80
2012_01_02 20:37:23	36.70	30.20	31.60	81.60	85.80	 5.00	 2.40
2012_01_02 20:43:39	36.70	30.20	31.30	80.40	85.00	 6.00	 3.00
2012_01_02 20:49:55	36.80	30.20	31.50	81.00	51.00	 8.00	 1.40
2012_01_02 20:56:12	36.80	30.20	31.10	79.60	51.40	 8.00	 1.80
2012_01_02 21:02:28	36.90	30.20	31.40	80.40	88.00	 8.00	 2.20
2012_01_02 21:08:44	36.90	30.20	31.60	81.00	88.00	 4.00	 1.20
2012_01_02 21:15:00	36.90	30.20	31.90	82.00	88.00	 4.00	 1.20
2012_01_02 21:21:18	36.90	30.20	31.80	81.80	88.00	 4.00	 0.40
2012_01_02 21:27:34	36.90	30.20	31.90	82.00	88.00	 4.00	 0.00
2012_01_02 21:33:50	37.00	30.20	32.10	82.40	88.00	 4.00	 1.20
2012_01_02 21:40:06	37.00	30.20	32.00	82.00	88.00	 4.00	 1.00
2012_01_02 21:46:23	37.00	30.20	31.80	81.40	87.60	 5.00	 2.60
2012_01_02 21:52:41	37.20	30.20	31.90	81.00	348.00	 7.00	 3.40
2012_01_02 21:58:57	37.30	30.20	32.20	81.60	348.00	 7.00	 1.00
2012_01_02 22:05:14	37.30	30.20	32.30	82.00	324.80	 7.00	 3.00
2012_01_02 22:11:31	37.40	30.20	32.50	82.20	311.00	 7.00	 1.40
2012_01_02 22:17:47	37.40	30.20	32.50	82.20	311.00	 7.00	 0.80
2012_01_02 22:24:03	37.50	30.20	32.80	83.00	147.60	 7.00	 3.00
2012_01_02 22:30:20	37.60	30.20	32.80	82.80	155.40	 7.00	 4.40
2012_01_02 22:36:36	37.60	30.20	32.70	82.20	168.40	 8.00	 2.80
2012_01_02 22:42:53	37.60	30.20	32.70	82.20	177.40	 8.00	 3.00
2012_01_02 22:49:09	37.60	30.20	32.50	81.60	176.00	 8.00	 1.00
2012_01_02 22:55:25	37.60	30.20	32.40	81.40	176.00	 8.00	 2.00
2012_01_02 23:01:41	37.60	30.20	32.70	82.20	101.20	 8.00	 2.40
2012_01_02 23:07:57	37.70	30.20	33.00	83.00	35.40	 8.00	 4.20
2012_01_02 23:14:14	38.60	30.20	33.60	82.20	66.20	13.00	 6.20
2012_01_02 23:20:30	41.90	30.20	34.90	76.20	147.80	28.00	13.40
2012_01_02 23:26:47	43.20	30.20	34.80	72.00	125.80	38.00	20.80
2012_01_02 23:33:03	44.60	30.30	35.10	69.00	151.20	69.00	20.60
2012_01_02 23:39:21	44.90	30.30	34.50	66.80	172.40	45.00	25.40
2012_01_02 23:45:43	45.60	30.30	34.70	65.40	195.80	46.00	32.20
2012_01_02 23:51:59	46.00	30.30	34.60	64.40	185.00	50.00	29.00
2012_01_02 23:58:15	46.00	30.30	35.00	65.40	187.40	50.00	26.40
2012_01_03 00:04:32	45.70	30.30	35.00	66.00	186.80	50.00	24.80
2012_01_03 00:10:47	45.50	30.30	35.40	67.40	179.80	46.00	31.80
2012_01_03 00:17:04	45.50	30.30	35.50	67.60	177.40	46.00	30.40
2012_01_03 00:23:20	45.50	30.30	35.50	67.80	166.00	46.00	22.60
2012_01_03 00:29:35	45.40	30.30	35.10	67.00	152.80	46.00	25.20
2012_01_03 00:35:51	45.40	30.30	35.00	66.80	171.60	39.00	20.00
2012_01_03 00:42:06	45.10	30.30	34.90	67.20	171.00	43.00	24.20
2012_01_03 00:48:22	44.90	30.30	34.60	67.00	168.60	43.00	30.00
2012_01_03 00:54:37	44.70	30.30	34.40	66.80	201.60	43.00	24.20
2012_01_03 01:00:52	44.70	30.30	34.30	66.60	167.00	43.00	22.20
2012_01_03 01:07:08	44.60	30.30	34.20	66.80	184.80	48.00	18.80
2012_01_03 01:13:23	44.60	30.30	34.40	67.40	187.00	48.00	16.40
2012_01_03 01:19:39	44.50	30.30	34.30	67.20	200.20	61.00	23.60
2012_01_03 01:25:54	44.40	30.30	34.20	67.40	189.20	61.00	11.40
2012_01_03 01:32:09	44.50	30.30	34.40	67.60	171.20	61.00	16.80
2012_01_03 01:38:25	44.30	30.30	34.50	68.20	175.00	42.00	15.80
2012_01_03 01:44:41	44.40	30.30	34.60	68.20	150.00	42.00	14.80
2012_01_03 01:50:56	44.30	30.30	34.60	68.60	173.00	43.00	20.80
2012_01_03 01:57:12	44.10	30.30	35.10	70.40	173.60	43.00	20.80
2012_01_03 02:03:28	44.00	30.30	35.00	70.40	170.60	45.00	24.20
2012_01_03 02:09:43	43.90	30.30	34.90	70.60	178.00	45.00	20.00
2012_01_03 02:15:58	43.80	30.30	34.90	70.80	169.80	45.00	22.80
2012_01_03 02:22:14	43.80	30.30	34.80	70.40	195.60	45.00	18.80
2012_01_03 02:28:29	44.00	30.30	35.10	70.80	193.00	45.00	18.60
2012_01_03 02:34:44	44.00	30.30	35.20	70.80	176.40	45.00	16.00
2012_01_03 02:41:00	44.00	30.30	35.20	70.80	196.80	32.00	16.80
2012_01_03 02:47:15	43.80	30.30	35.20	71.40	186.00	32.00	16.00
2012_01_03 02:53:30	43.80	30.30	35.20	71.40	192.00	32.00	15.40
2012_01_03 02:59:46	43.90	30.30	35.20	71.20	187.80	32.00	16.00
2012_01_03 03:06:01	43.80	30.30	35.40	71.80	176.20	25.00	18.00
2012_01_03 03:12:17	44.00	30.40	35.30	71.20	182.00	27.00	18.00
2012_01_03 03:18:32	44.00	30.40	35.40	71.60	171.20	27.00	16.80
2012_01_03 03:24:47	43.30	30.40	35.90	74.80	164.60	27.00	16.80
2012_01_03 03:31:02	43.50	30.40	35.30	72.80	196.40	27.00	20.20
2012_01_03 03:37:24	43.90	30.40	35.20	71.20	196.00	23.00	16.00
2012_01_03 03:43:56	44.00	30.40	35.50	72.00	187.20	23.00	16.00
2012_01_03 03:50:13	43.70	30.40	35.50	72.60	195.00	23.00	17.40
2012_01_03 03:56:29	43.60	30.40	35.30	72.40	192.20	24.00	18.00
2012_01_03 04:10:14	43.60	30.40	34.70	70.60	198.40	35.00	17.80
2012_01_03 04:16:29	43.50	30.40	35.00	71.80	170.80	35.00	19.80
2012_01_03 04:22:44	43.40	30.40	34.70	71.20	182.20	35.00	14.00
2012_01_03 04:28:59	43.40	30.40	34.60	71.00	193.00	35.00	18.00
2012_01_03 04:35:15	43.30	30.40	34.50	70.80	187.00	31.00	13.80
2012_01_03 04:41:30	43.30	30.40	34.70	71.40	191.60	31.00	16.00
2012_01_03 04:47:45	43.20	30.40	34.50	71.20	193.20	35.00	16.60
2012_01_03 04:54:00	43.20	30.40	34.60	71.60	170.60	35.00	17.00
2012_01_03 05:00:16	43.20	30.40	34.40	70.80	192.80	35.00	15.20
2012_01_03 05:06:31	43.30	30.40	34.70	71.60	186.20	22.00	15.20
2012_01_03 05:12:47	43.20	30.40	34.40	71.00	196.60	30.00	13.60
2012_01_03 05:19:02	43.30	30.40	34.50	71.00	205.40	30.00	17.00
2012_01_03 05:25:18	43.20	30.40	34.30	70.40	190.00	30.00	11.20
2012_01_03 05:31:34	43.30	30.40	34.40	70.80	219.40	30.00	14.40
2012_01_03 05:37:49	43.30	30.40	34.40	70.60	166.80	24.00	10.80
2012_01_03 05:44:05	42.20	30.40	34.70	74.40	196.40	24.00	 9.00
2012_01_03 05:50:21	42.90	30.40	34.90	73.20	138.20	24.00	 5.80
2012_01_03 05:56:37	42.20	30.40	35.30	76.40	135.60	24.00	10.40
2012_01_03 06:02:52	41.00	30.40	35.90	82.00	121.00	24.00	10.40
2012_01_03 06:09:08	40.30	30.40	35.60	83.00	123.80	13.00	10.20
2012_01_03 06:15:24	40.10	30.40	35.70	83.80	125.40	13.00	 8.00
2012_01_03 06:21:39	40.00	30.40	35.80	84.40	154.60	13.00	 9.80
2012_01_03 06:27:53	40.20	30.40	35.70	83.60	159.00	13.00	 8.20
2012_01_03 06:34:07	40.10	30.40	35.40	83.20	140.80	13.00	 9.20
2012_01_03 06:40:20	39.80	30.40	35.50	84.20	146.20	12.00	 8.00
2012_01_03 06:46:34	39.80	30.40	35.50	84.40	174.80	12.00	 7.20
2012_01_03 06:52:47	39.80	30.40	35.70	85.00	183.80	12.00	 7.80
2012_01_03 06:59:15	39.80	30.40	35.20	83.40	148.40	17.00	13.40
2012_01_03 07:05:34	39.60	30.40	35.20	84.00	160.40	14.00	10.40
2012_01_03 07:11:48	39.50	30.40	35.40	85.00	165.40	14.00	10.40
2012_01_03 07:18:01	39.50	30.40	35.20	84.40	154.40	14.00	 8.60
2012_01_03 07:24:15	39.60	30.40	35.30	84.40	159.00	14.00	 8.80
2012_01_03 07:30:29	39.60	30.40	35.50	85.00	159.00	14.00	 7.20
2012_01_03 07:36:43	39.40	30.40	35.50	85.80	159.00	 9.00	 6.40
2012_01_03 07:42:56	39.20	30.40	35.40	86.00	159.00	 9.00	 5.00
2012_01_03 07:49:11	39.00	30.40	35.20	86.00	159.00	 9.00	 4.00
2012_01_03 07:55:24	38.90	30.40	35.00	85.80	159.00	 9.00	 0.60
2012_01_03 08:01:38	38.70	30.40	34.60	84.80	159.00	 9.00	 0.00
2012_01_03 08:07:52	38.60	30.40	34.50	85.00	159.00	 7.00	 1.20
2012_01_03 08:14:06	39.00	30.40	35.50	86.80	127.60	12.00	 7.80
2012_01_03 08:20:20	39.50	30.40	35.50	85.60	128.00	12.00	 6.00
2012_01_03 08:26:33	39.70	30.40	35.80	85.40	129.60	12.00	 7.40
2012_01_03 08:32:47	39.20	30.40	35.10	85.20	132.00	12.00	 7.00
2012_01_03 08:39:01	39.10	30.40	35.00	85.00	132.00	11.00	 0.00
2012_01_03 08:45:15	39.50	30.40	35.20	84.20	132.00	11.00	 1.20
2012_01_03 08:51:28	39.50	30.40	35.10	84.00	132.00	11.00	 1.40
2012_01_03 08:57:42	39.50	30.40	35.20	84.40	132.00	11.00	 2.80
2012_01_03 09:03:55	39.60	30.40	35.30	84.60	132.00	11.00	 1.60
2012_01_03 09:10:09	39.70	30.50	35.50	84.60	132.00	 5.00	 1.00
2012_01_03 09:16:23	40.10	30.50	36.00	84.80	132.00	 5.00	 0.80
2012_01_03 09:22:37	40.60	30.50	36.10	83.60	132.00	 5.00	 0.00
2012_01_03 09:28:50	40.70	30.50	36.00	83.20	130.40	 8.00	 4.20
2012_01_03 09:35:04	40.40	30.50	36.10	84.20	115.20	 9.00	 6.40
2012_01_03 09:41:18	40.00	30.50	35.80	84.60	105.00	 9.00	 7.00
2012_01_03 09:47:32	40.10	30.50	36.30	85.80	105.00	 9.00	 3.40
2012_01_03 09:53:45	40.30	30.50	35.90	83.80	105.00	 9.00	 2.20
2012_01_03 09:59:59	40.10	30.50	35.70	84.00	104.20	 9.00	 3.80
2012_01_03 10:12:28	40.20	30.50	35.80	84.00	101.00	 6.00	 4.40
2012_01_03 10:18:42	39.80	30.50	35.80	85.40	101.00	 6.00	 4.20
2012_01_03 10:24:56	39.90	30.50	36.20	86.40	101.00	 6.00	 0.20
2012_01_03 10:31:10	40.00	30.50	36.20	85.80	101.00	 6.00	 0.00
2012_01_03 10:43:38	40.10	30.40	36.20	85.60	101.00	 5.00	 1.80
2012_01_03 10:49:58	40.50	30.40	36.60	85.60	101.00	 5.00	 4.20
2012_01_03 10:56:18	40.70	30.40	35.90	82.80	101.00	 6.00	 4.20
2012_01_03 11:02:32	40.80	30.40	35.80	82.20	101.00	 6.00	 1.20
2012_01_03 11:08:46	41.20	30.40	36.10	82.00	101.00	 5.00	 2.40
2012_01_03 11:15:00	41.30	30.40	36.30	82.40	101.00	 7.00	 5.40
2012_01_03 11:21:15	41.10	30.40	36.20	82.60	101.00	 7.00	 4.00
2012_01_03 11:27:28	41.20	30.40	36.30	82.40	101.00	 7.00	 1.00
2012_01_03 11:33:42	41.30	30.40	36.20	82.00	101.00	 7.00	 0.80
2012_01_03 11:39:56	40.50	30.40	35.90	83.40	101.00	 5.00	 2.80
2012_01_03 11:46:10	40.00	30.40	36.00	85.60	101.00	 6.00	 4.80
2012_01_03 11:52:23	39.80	30.40	36.20	86.80	101.00	 6.00	 5.00
2012_01_03 11:58:36	39.80	30.40	36.30	87.00	101.00	 6.00	 3.40
2012_01_03 12:04:50	39.90	30.40	36.00	85.80	101.00	 6.00	 3.60
2012_01_03 12:11:06	39.90	30.40	36.20	86.20	101.00	 5.00	 0.40
2012_01_03 12:17:20	39.90	30.40	35.80	85.00	101.00	 5.00	 0.00
2012_01_03 12:23:34	40.00	30.40	35.90	85.20	101.00	 5.00	 0.20
2012_01_03 12:29:48	40.00	30.40	35.90	85.00	101.00	 5.00	 1.80
2012_01_03 12:36:01	39.90	30.40	35.80	85.00	101.00	 5.00	 3.60
2012_01_03 12:42:16	39.90	30.40	35.90	85.20	101.00	 5.00	 3.60
2012_01_03 12:48:30	39.90	30.40	35.90	85.20	101.00	 6.00	 4.60
2012_01_03 12:54:43	39.90	30.40	36.10	86.00	101.00	 6.00	 4.40
2012_01_03 13:00:58	39.80	30.40	36.00	86.00	101.00	 6.00	 4.40
2012_01_03 13:07:12	39.80	30.40	36.00	86.00	101.00	 5.00	 3.60
2012_01_03 13:13:26	39.80	30.40	36.00	86.00	101.00	 5.00	 1.60
2012_01_03 13:19:39	39.80	30.40	36.00	86.00	101.00	 5.00	 0.20
2012_01_03 13:25:53	39.80	30.40	36.00	86.00	101.00	 5.00	 4.00
2012_01_03 13:32:07	39.80	30.40	36.00	86.00	101.00	 5.00	 0.00
2012_01_03 13:38:21	39.80	30.40	36.00	86.00	101.00	 4.00	 1.60
2012_01_03 13:44:35	39.90	30.40	36.40	87.00	101.00	 4.00	 2.00
2012_01_03 13:50:48	39.80	30.40	36.30	86.80	101.00	 4.00	 1.80
2012_01_03 13:57:02	39.90	30.40	36.30	86.60	101.00	 4.00	 0.40
2012_01_03 14:03:17	39.90	30.40	36.30	86.80	101.00	 4.00	 2.00
2012_01_03 14:09:31	39.90	30.40	36.40	87.00	101.00	 4.00	 2.60
2012_01_03 14:15:44	39.90	30.40	36.40	87.00	101.00	 6.00	 3.60
2012_01_03 14:21:58	39.90	30.40	36.40	87.00	101.00	 6.00	 5.40
2012_01_03 14:28:12	39.90	30.40	36.40	87.00	101.00	 6.00	 4.80
2012_01_03 14:34:27	39.90	30.40	36.40	87.00	101.00	 6.00	 4.60
2012_01_03 14:40:49	40.00	30.40	36.20	86.20	101.00	 6.00	 5.00
2012_01_03 14:47:11	40.00	30.40	36.40	86.40	101.00	 6.00	 5.40
2012_01_03 14:53:25	40.10	30.40	36.50	87.00	101.00	 6.00	 4.00
2012_01_03 14:59:40	40.20	30.40	36.50	86.60	101.00	 6.00	 2.80
2012_01_03 15:24:41	40.10	30.40	36.40	86.20	101.00	 4.00	 2.40
2012_01_03 15:30:56	40.20	30.40	36.40	86.20	101.00	 4.00	 1.40
2012_01_03 15:37:10	40.20	30.40	36.40	86.00	101.00	 5.00	 1.20
2012_01_03 15:43:25	40.30	30.40	36.50	86.00	101.00	 5.00	 3.80
2012_01_03 15:49:39	40.50	30.40	36.60	85.80	101.00	 5.00	 4.20
2012_01_03 15:55:54	40.40	30.40	36.40	85.40	101.00	 5.00	 0.20
2012_01_03 16:02:09	40.40	30.40	36.60	86.00	101.00	 5.00	 0.00
2012_01_03 16:14:38	40.40	30.40	36.80	87.00	101.00	 5.00	 1.20
2012_01_03 16:20:52	40.40	30.40	37.10	88.00	101.00	 5.00	 0.20
2012_01_03 16:27:08	40.30	30.40	37.30	89.00	101.00	 5.00	 0.00
2012_01_03 16:33:24	40.20	30.40	37.20	89.00	101.00	 5.00	 0.00
2012_01_03 16:58:25	40.00	30.40	37.10	89.60	101.00	 4.00	 0.80
2012_01_03 17:16:31	39.80	30.40	37.40	91.00	101.00	 1.00	 0.20
2012_01_03 17:22:47	39.70	30.40	37.50	91.80	101.00	 2.00	 0.20
2012_01_03 17:29:03	39.50	30.40	37.40	92.00	101.00	 2.00	 0.20
2012_01_03 17:35:21	39.40	30.40	37.30	92.00	101.00	 2.00	 0.40
2012_01_03 17:41:37	39.40	30.40	37.30	92.20	101.00	 2.00	 1.40
2012_01_03 17:47:53	39.40	30.40	37.30	92.00	101.00	 2.00	 0.40
2012_01_03 17:54:22	39.40	30.40	37.30	92.00	101.00	 5.00	 3.80
2012_01_03 18:03:14	39.40	30.40	37.30	92.00	101.00	 5.00	 4.20
2012_01_03 18:11:19	39.60	30.40	37.50	92.00	101.00	 5.00	 0.60
2012_01_03 18:17:35	39.50	30.40	37.60	93.00	101.00	 5.00	 0.20
2012_01_03 18:23:51	39.40	30.40	37.50	93.00	101.00	 5.00	 0.60
2012_01_03 18:30:08	39.20	30.40	37.40	93.00	101.00	 5.00	 0.00
2012_01_03 18:36:28	39.00	30.40	37.10	92.60	101.00	 1.00	 0.20
2012_01_03 18:42:45	39.00	30.40	37.20	93.00	101.00	 2.00	 1.40
2012_01_03 18:49:23	39.10	30.40	37.30	93.00	101.00	 2.00	 0.00
2012_01_03 18:55:41	39.10	30.40	37.20	92.80	101.00	 2.00	 0.00
2012_01_03 19:01:58	39.10	30.40	37.00	92.00	101.00	 2.00	 0.00
2012_01_03 19:27:07	39.20	30.40	37.00	91.80	101.00	 4.00	 1.80
2012_01_03 19:33:23	39.10	30.40	37.00	92.00	101.00	 5.00	 2.60
2012_01_03 19:39:39	38.90	30.40	36.80	92.00	101.00	 6.00	 4.20
2012_01_03 19:45:56	38.80	30.40	36.70	92.00	101.00	 6.00	 0.20
2012_01_03 19:52:13	38.70	30.40	36.60	92.00	101.00	 6.00	 0.00
2012_01_03 19:58:30	38.70	30.40	36.60	92.00	101.00	 6.00	 0.00
2012_01_03 20:04:47	38.70	30.40	36.60	92.00	101.00	 6.00	 0.00
2012_01_03 20:11:03	38.80	30.40	37.00	93.00	101.00	 2.00	 1.00
2012_01_03 20:17:20	39.10	30.40	37.10	92.60	101.00	 4.00	 2.20
2012_01_03 20:23:37	39.20	30.40	37.40	93.00	101.00	 4.00	 2.00
2012_01_03 20:29:53	39.30	30.40	37.40	93.00	101.00	 4.00	 0.00
2012_01_03 20:36:12	39.30	30.40	37.40	93.00	101.00	 5.00	 3.00
2012_01_03 20:42:28	39.40	30.40	37.50	93.00	101.00	 5.00	 1.40
2012_01_03 20:48:44	39.40	30.40	37.50	93.00	101.00	 5.00	 0.00
2012_01_03 20:55:01	39.40	30.40	37.50	93.00	101.00	 9.00	 4.20
2012_01_03 21:01:18	39.60	30.40	37.50	91.80	142.40	14.00	10.20
2012_01_03 21:07:34	39.90	30.40	37.20	89.80	137.80	14.00	12.40
2012_01_03 21:13:51	40.30	30.40	37.00	88.00	137.20	17.00	14.00
2012_01_03 21:20:08	40.60	30.40	36.80	86.60	132.60	17.00	13.60
2012_01_03 21:26:25	40.90	30.40	36.80	85.60	134.00	17.00	11.00
2012_01_03 21:32:41	40.60	30.40	37.10	87.40	121.40	17.00	 5.60
2012_01_03 21:38:57	40.10	30.40	36.80	88.00	121.00	 7.00	 3.20
2012_01_03 21:45:14	39.80	30.40	36.80	89.00	121.00	 7.00	 0.40
2012_01_03 21:51:31	39.90	30.40	37.20	89.80	95.60	11.00	 6.80
2012_01_03 21:57:48	39.60	30.40	36.40	88.20	82.00	12.00	 1.60
2012_01_03 22:04:06	39.30	30.40	36.60	89.80	82.00	12.00	 3.80
2012_01_03 22:10:22	39.20	30.40	36.50	90.00	90.60	 9.00	 6.00
2012_01_03 22:16:39	39.20	30.40	36.50	90.00	118.40	12.00	11.40
2012_01_03 22:22:56	39.30	30.40	36.70	90.20	116.80	12.00	 7.00
2012_01_03 22:29:13	39.80	30.40	37.00	89.80	141.20	12.00	 5.00
2012_01_03 22:35:31	39.80	30.40	37.10	90.00	246.60	 7.00	 5.80
2012_01_03 22:41:47	39.90	30.40	37.10	89.80	248.00	 7.00	 4.20
2012_01_03 22:48:06	40.00	30.40	37.20	89.60	250.20	 7.00	 5.40
2012_01_03 22:54:44	40.00	30.40	37.10	89.40	259.20	 7.00	 5.20
2012_01_03 23:01:00	39.80	30.40	37.10	90.00	309.00	 7.00	 4.20
2012_01_03 23:07:17	39.70	30.40	37.00	90.00	309.00	 5.00	 2.00
2012_01_03 23:13:34	39.60	30.40	36.90	90.00	309.00	 5.00	 0.00
2012_01_03 23:19:51	39.50	30.40	36.70	89.60	309.00	 5.00	 0.00
2012_01_03 23:26:10	39.50	30.40	36.80	90.00	309.00	 5.00	 0.80
2012_01_03 23:32:27	39.70	30.40	37.30	91.00	309.00	 5.00	 0.00
2012_01_03 23:45:00	39.70	30.40	37.00	90.00	309.00	 5.00	 1.60
2012_01_03 23:51:22	39.60	30.40	36.70	89.40	309.00	 5.00	 3.80
2012_01_03 23:57:39	39.60	30.40	36.60	89.00	309.00	 6.00	 4.40
2012_01_04 00:03:55	39.60	30.40	36.60	89.00	309.00	 6.00	 2.40
2012_01_04 00:10:11	39.60	30.40	36.60	89.00	309.00	 3.00	 0.40
2012_01_04 00:16:27	39.60	30.40	36.60	89.00	309.00	 3.00	 0.00
2012_01_04 00:22:43	39.50	30.40	36.50	89.00	309.00	 3.00	 0.00
2012_01_04 00:28:58	39.40	30.40	36.60	89.60	309.00	 3.00	 0.00
2012_01_04 00:47:46	39.20	30.40	36.60	90.40	186.80	 8.00	 5.60
2012_01_04 00:54:02	39.20	30.40	36.80	91.00	111.00	 8.00	 5.20
2012_01_04 01:00:18	39.20	30.40	36.70	90.60	111.00	 8.00	 3.00
2012_01_04 01:06:35	39.20	30.40	36.50	90.00	111.00	 5.00	 3.60
2012_01_04 01:12:51	39.30	30.40	36.60	90.00	112.80	 8.00	 6.00
2012_01_04 01:19:07	39.40	30.40	36.70	90.00	119.40	 8.00	 6.20
2012_01_04 01:25:23	39.40	30.40	36.50	89.40	126.00	 8.00	 4.20
2012_01_04 01:31:38	39.30	30.40	36.30	89.00	126.00	 8.00	 4.80
2012_01_04 01:37:54	39.30	30.40	36.30	89.00	126.00	 6.00	 0.80
2012_01_04 01:44:11	39.10	30.40	36.10	89.00	126.00	 6.00	 0.40
2012_01_04 01:50:26	38.90	30.40	36.20	89.80	110.40	11.00	 8.20
2012_01_04 01:56:42	38.90	30.40	36.20	90.00	98.20	11.00	 8.20
2012_01_04 02:02:58	38.60	30.40	35.90	90.00	98.00	11.00	 7.20
2012_01_04 02:09:14	38.50	30.40	36.00	90.60	112.60	 8.00	 6.20
2012_01_04 02:15:30	38.50	30.40	35.80	90.00	129.00	 8.00	 5.80
2012_01_04 02:21:47	38.50	30.40	35.80	90.00	125.20	 8.00	 5.00
2012_01_04 02:28:12	38.40	30.40	35.80	90.40	119.20	 8.00	 5.00
2012_01_04 02:34:27	38.20	30.40	35.60	90.40	99.40	 8.00	 3.60
2012_01_04 02:40:43	37.90	30.40	35.40	90.80	99.60	 5.00	 4.60
2012_01_04 02:46:59	37.70	30.40	35.50	91.60	100.00	 5.00	 4.60
2012_01_04 02:53:16	37.80	30.40	35.90	92.60	100.00	 6.00	 4.40
2012_01_04 02:59:32	38.00	30.40	35.90	92.20	100.00	 7.00	 5.60
2012_01_04 03:05:48	38.00	30.40	35.80	91.80	100.00	 7.00	 5.80
2012_01_04 03:12:03	37.90	30.40	35.50	91.00	100.20	 7.00	 3.60
2012_01_04 03:18:20	37.90	30.40	35.50	91.00	99.60	 7.00	 3.60
2012_01_04 03:24:36	37.90	30.40	35.50	91.00	99.80	 7.00	 3.80
2012_01_04 03:30:52	37.90	30.40	35.70	91.60	99.60	 7.00	 3.80
2012_01_04 03:37:08	37.70	30.40	35.60	92.00	85.80	 5.00	 3.80
2012_01_04 03:43:24	37.50	30.40	35.40	92.00	86.00	 5.00	 2.60
2012_01_04 03:49:40	37.40	30.40	35.60	93.00	86.00	 5.00	 2.00
2012_01_04 03:55:56	37.40	30.40	35.60	93.00	86.00	 5.00	 2.20
2012_01_04 04:10:15	37.40	30.40	35.60	93.00	86.00	 3.00	 1.20
2012_01_04 04:16:31	37.30	30.40	35.50	93.00	86.00	 3.00	 1.40
2012_01_04 04:22:47	37.10	30.40	35.30	93.00	86.00	 3.00	 2.20
2012_01_04 04:29:03	37.00	30.40	35.20	93.00	86.00	 3.00	 2.00
2012_01_04 04:35:20	37.00	30.30	35.20	93.00	86.00	 4.00	 2.80
2012_01_04 04:41:36	36.80	30.30	35.00	93.00	86.00	 4.00	 1.40
2012_01_04 04:47:52	36.70	30.30	34.90	93.00	86.00	 4.00	 0.60
2012_01_04 04:54:08	36.70	30.30	35.10	94.00	86.00	 4.00	 1.80
2012_01_04 05:00:24	36.70	30.30	35.10	94.00	86.00	 4.00	 1.40
2012_01_04 05:06:40	36.90	30.30	35.30	94.00	86.00	 3.00	 2.40
2012_01_04 05:12:56	36.90	30.40	35.30	94.00	86.00	 4.00	 2.60
2012_01_04 05:19:13	36.90	30.40	35.30	94.00	87.20	 6.00	 4.60
2012_01_04 05:25:29	37.00	30.40	35.30	93.60	112.60	 7.00	 5.60
2012_01_04 05:31:45	37.10	30.40	35.30	93.00	148.00	 7.00	 3.20
2012_01_04 05:38:01	37.10	30.40	35.30	93.00	148.00	 4.00	 2.00
2012_01_04 05:44:18	37.30	30.40	35.50	93.00	148.00	 5.00	 2.60
2012_01_04 05:50:34	37.50	30.40	35.70	92.80	146.60	 7.00	 5.40
2012_01_04 05:56:51	37.90	30.40	35.90	92.40	135.80	 7.00	 6.20
2012_01_04 06:04:08	38.20	30.40	35.90	91.40	140.20	 8.00	 6.20
2012_01_04 06:10:46	38.00	30.40	35.60	91.00	141.00	 8.00	 4.60
2012_01_04 06:17:03	38.00	30.40	35.40	90.60	140.00	 8.00	 4.40
2012_01_04 06:23:20	37.80	30.40	35.40	91.00	130.80	 8.00	 3.80
2012_01_04 06:29:36	37.70	30.40	35.30	91.00	128.00	 8.00	 0.80
2012_01_04 06:35:52	37.50	30.40	35.40	92.00	128.00	 4.00	 2.00
2012_01_04 06:42:09	37.30	30.40	35.20	92.00	65.00	 5.00	 3.40
2012_01_04 06:48:25	37.30	30.40	35.20	92.00	65.00	 5.00	 4.00
2012_01_04 06:54:42	37.20	30.40	35.20	92.40	65.00	 5.00	 2.40
2012_01_04 07:00:58	37.30	30.40	35.50	93.00	65.00	 5.00	 0.00
2012_01_04 07:44:50	37.90	30.40	35.80	92.00	65.00	 3.00	 1.20
2012_01_04 07:51:06	38.00	30.40	36.10	92.60	65.00	 3.00	 0.00
2012_01_04 07:57:21	38.00	30.40	35.90	92.00	65.00	 3.00	 0.00
2012_01_04 08:03:37	37.90	30.40	35.80	92.00	65.00	 3.00	 1.60
2012_01_04 08:09:53	37.90	30.30	36.10	93.00	65.00	 3.00	 0.80
2012_01_04 08:16:09	38.00	30.40	36.20	93.00	40.00	 4.00	 3.20
2012_01_04 08:22:25	38.20	30.40	36.30	92.60	355.00	 5.00	 3.20
2012_01_04 08:28:40	38.40	30.40	36.40	92.40	355.00	 5.00	 1.80
2012_01_04 08:34:56	38.70	30.40	36.60	92.00	355.00	 5.00	 0.00
2012_01_04 08:53:42	39.10	30.40	36.70	91.00	355.00	 2.00	 0.40
2012_01_04 08:59:58	39.80	30.40	37.30	90.60	355.00	 2.00	 0.00
2012_01_04 09:06:15	40.60	30.40	37.50	88.60	355.00	 1.00	 0.00
2012_01_04 09:12:31	41.20	30.40	37.70	87.60	118.00	 5.00	 3.60
2012_01_04 09:18:47	41.50	30.30	37.80	86.40	93.60	 7.00	 5.60
2012_01_04 09:25:02	41.20	30.30	37.30	86.00	113.60	 7.00	 4.60
2012_01_04 09:31:22	41.10	30.30	37.20	86.00	138.00	 7.00	 2.00
2012_01_04 09:37:54	41.50	30.30	37.40	85.40	138.00	 4.00	 0.40
2012_01_04 09:44:13	41.90	30.30	37.50	84.60	138.00	 4.00	 0.00
2012_01_04 09:50:28	41.70	30.30	37.20	84.00	138.00	 4.00	 0.00
2012_01_04 09:56:44	40.90	30.30	36.70	85.00	138.00	 4.00	 0.80
2012_01_04 10:03:00	40.50	30.30	36.80	86.80	137.60	 5.00	 3.40
2012_01_04 10:09:14	40.60	30.30	36.80	86.40	135.00	 5.00	 4.20
2012_01_04 10:15:30	40.50	30.30	36.90	87.00	135.00	 5.00	 3.00
2012_01_04 10:21:44	40.40	30.30	36.70	86.60	147.60	 6.00	 3.60
2012_01_04 10:27:58	40.60	30.30	37.00	87.00	148.00	 6.00	 3.40
2012_01_04 10:34:13	40.70	30.30	37.10	87.00	148.00	 6.00	 2.60
2012_01_04 10:40:27	41.20	30.30	37.50	86.40	148.00	 5.00	 0.40
2012_01_04 10:46:42	41.60	30.30	37.30	84.80	148.00	 5.00	 0.00
2012_01_04 10:52:56	41.00	30.30	36.80	85.00	148.00	 5.00	 0.00
2012_01_04 10:59:10	40.50	30.30	36.70	86.40	148.00	 5.00	 1.00
2012_01_04 11:05:25	40.00	30.30	36.60	87.80	148.00	 2.00	 0.60
2012_01_04 11:11:40	40.40	30.30	37.40	89.00	148.00	 2.00	 0.00
2012_01_04 11:17:54	41.30	30.30	37.60	86.80	148.00	 2.00	 0.00
2012_01_04 11:24:09	41.90	30.30	37.80	85.20	148.00	 2.00	 0.00
2012_01_04 11:30:24	41.90	30.30	37.40	84.00	148.00	 2.00	 0.20
2012_01_04 11:36:38	40.80	30.30	36.90	86.00	148.00	 2.00	 0.00
2012_01_04 11:42:52	40.30	30.30	36.70	87.20	148.00	 2.00	 0.00
2012_01_04 11:49:07	39.80	30.30	36.70	88.60	148.00	 2.00	 0.20
2012_01_04 11:55:21	39.50	30.30	36.80	89.80	148.00	 4.00	 0.80
2012_01_04 12:01:36	39.50	30.30	36.80	90.00	148.00	 4.00	 0.00
2012_01_04 12:14:04	40.20	30.30	37.20	89.00	148.00	 2.00	 0.00
2012_01_04 12:20:19	40.40	30.30	37.40	89.00	148.00	 2.00	 0.00
2012_01_04 12:26:34	40.40	30.30	37.40	89.00	148.00	 2.00	 0.40
2012_01_04 12:32:49	40.50	30.30	37.50	89.00	148.00	 2.00	 0.00
2012_01_04 12:39:03	41.00	30.30	37.70	88.20	148.00	 5.00	 2.20
2012_01_04 12:45:18	41.10	30.30	37.80	87.80	148.00	 5.00	 2.60
2012_01_04 12:51:40	41.50	30.30	38.20	88.00	148.00	 5.00	 0.20
2012_01_04 12:57:59	42.10	30.30	38.30	86.40	148.00	 7.00	 3.40
2012_01_04 13:04:15	41.80	30.30	37.90	86.00	148.00	 7.00	 2.20
2012_01_04 13:10:29	42.00	30.30	38.10	86.20	148.00	 4.00	 0.00
2012_01_04 13:16:45	42.70	30.20	38.50	85.00	148.00	 4.00	 0.00
2012_01_04 13:23:00	42.50	30.20	38.00	84.00	148.00	 4.00	 0.00
2012_01_04 13:29:15	41.90	30.20	37.70	85.20	148.00	 4.00	 0.00
2012_01_04 13:35:29	41.10	30.20	37.40	86.60	148.00	 2.00	 0.40
2012_01_04 13:41:50	40.80	30.20	37.50	88.00	148.00	 2.00	 0.00
2012_01_04 13:48:13	40.60	30.20	37.40	88.40	148.00	 2.00	 0.00
2012_01_04 13:54:37	40.50	30.20	37.20	88.00	148.00	 2.00	 0.00
2012_01_04 14:01:00	40.70	30.20	37.10	87.00	148.00	 2.00	 0.00
2012_01_04 14:07:25	40.90	30.20	36.90	85.80	148.00	 5.00	 1.20
2012_01_04 14:13:48	41.00	30.20	37.70	87.80	148.00	 5.00	 0.40
2012_01_04 14:20:18	41.20	30.20	37.30	86.20	148.00	 6.00	 1.80
2012_01_04 14:26:46	41.00	30.20	37.30	86.60	148.00	 6.00	 0.00
2012_01_04 14:33:15	40.70	30.20	37.30	87.40	148.00	 6.00	 0.60
2012_01_04 14:39:44	40.50	30.20	37.50	89.20	148.00	 5.00	 1.40
2012_01_04 14:46:13	40.10	30.20	36.70	87.40	80.00	 5.00	 0.40
2012_01_04 14:52:43	40.10	30.20	37.00	88.40	274.00	 6.00	 4.20
2012_01_04 14:59:12	40.20	30.20	37.30	89.20	292.00	 6.00	 4.00
2012_01_04 15:05:26	40.20	30.20	37.80	91.00	290.00	 5.00	 3.40
2012_01_04 15:11:39	40.20	30.20	37.60	90.40	292.00	 5.00	 3.80
2012_01_04 15:17:53	40.30	30.20	37.60	90.00	292.00	 5.00	 3.00
2012_01_04 15:24:07	40.30	30.20	37.60	90.00	292.00	 5.00	 3.20
2012_01_04 15:30:21	40.30	30.20	37.70	90.40	292.00	 5.00	 3.20
2012_01_04 15:36:35	40.30	30.20	37.60	90.00	292.00	 5.00	 3.80
2012_01_04 15:42:48	40.40	30.20	37.70	89.80	319.80	 6.00	 3.80
2012_01_04 15:49:02	40.50	30.20	38.00	90.40	326.60	 6.00	 3.40
2012_01_04 15:55:16	40.60	30.20	37.90	90.00	327.00	 6.00	 3.00
2012_01_04 16:01:30	40.60	30.20	37.90	90.00	327.00	 6.00	 1.00
2012_01_04 16:07:45	40.50	30.20	37.70	89.40	326.80	 3.00	 2.20
2012_01_04 16:13:58	40.60	30.20	38.00	90.40	326.00	 4.00	 2.40
2012_01_04 16:20:12	40.60	30.20	38.20	91.00	317.00	 5.00	 3.20
2012_01_04 16:26:26	40.60	30.20	38.20	91.00	317.00	 5.00	 1.80
2012_01_04 16:32:44	40.60	30.20	38.10	90.60	317.00	 5.00	 0.60
2012_01_04 16:39:07	40.70	30.20	38.00	90.00	235.40	 4.00	 1.40
2012_01_04 16:45:21	40.70	30.20	38.10	90.20	113.00	 4.00	 1.00
2012_01_04 16:51:35	40.80	30.20	38.30	90.60	113.00	 4.00	 0.60
2012_01_04 16:57:49	40.80	30.20	38.10	90.00	113.00	 4.00	 0.40
2012_01_04 17:10:12	40.90	30.20	38.70	91.80	113.00	 2.00	 0.40
2012_01_04 17:16:26	40.90	30.20	38.80	92.00	113.00	 2.00	 0.20
2012_01_04 17:22:40	40.80	30.20	38.70	92.00	113.00	 2.00	 0.00
2012_01_04 17:29:00	40.70	30.20	38.60	91.80	113.00	 2.00	 0.40
2012_01_04 17:36:24	40.80	30.20	38.70	92.00	113.00	 4.00	 1.20
2012_01_04 17:43:57	40.70	30.20	38.60	92.00	113.00	 5.00	 1.20
2012_01_04 17:50:35	40.70	30.20	38.60	92.00	113.00	 5.00	 0.40
2012_01_04 17:57:12	40.70	30.20	38.60	92.00	113.00	 5.00	 0.80
2012_01_04 18:03:26	40.70	30.20	38.60	92.20	113.00	 5.00	 0.40
2012_01_04 18:09:40	40.70	30.10	38.80	93.00	123.00	 6.00	 2.80
2012_01_04 18:15:54	40.70	30.10	38.80	93.00	163.00	 6.00	 3.60
2012_01_04 18:22:08	40.70	30.10	38.80	93.00	112.20	 6.00	 2.40
2012_01_04 18:28:22	40.70	30.10	38.80	93.00	74.00	 6.00	 2.00
2012_01_04 18:34:35	40.70	30.10	38.80	93.00	74.00	 6.00	 0.40
2012_01_04 18:40:49	40.80	30.10	38.90	93.00	74.00	 4.00	 0.80
2012_01_04 18:47:03	40.80	30.10	38.90	93.00	118.80	14.00	 7.40
2012_01_04 18:53:18	41.20	30.10	38.90	91.40	229.60	28.00	 4.80
2012_01_04 18:59:32	41.10	30.10	38.90	91.60	160.60	28.00	 5.20
2012_01_04 19:05:46	41.10	30.10	38.50	90.60	203.00	 7.00	 4.60
2012_01_04 19:12:01	41.40	30.10	38.10	88.00	204.80	 9.00	 4.60
2012_01_04 19:18:16	41.50	30.10	38.20	88.00	261.00	 9.00	 6.00
2012_01_04 19:24:30	41.40	30.10	38.20	88.40	279.00	 9.00	 3.60
2012_01_04 19:30:44	41.50	30.10	38.40	88.80	318.80	 9.00	 4.80
2012_01_04 19:36:58	41.40	30.10	38.70	90.00	181.00	 6.00	 3.00
2012_01_04 19:43:12	41.90	30.10	38.20	86.40	210.60	17.00	11.20
2012_01_04 19:49:26	43.50	30.10	38.20	81.40	195.20	17.00	 4.40
2012_01_04 19:56:01	42.80	30.10	38.10	83.20	277.00	17.00	 4.00
2012_01_04 20:02:24	43.30	30.10	37.70	80.40	198.00	21.00	 6.60
2012_01_04 20:08:38	44.30	30.10	37.70	77.20	314.60	21.00	 4.00
2012_01_04 20:14:52	43.60	30.10	38.00	80.60	301.20	21.00	 6.00
2012_01_04 20:21:07	42.40	30.10	38.50	86.00	296.00	21.00	 7.60
2012_01_04 20:27:21	42.30	30.10	38.40	86.20	340.20	21.00	 4.80
2012_01_04 20:33:35	42.20	30.10	38.70	87.40	314.80	21.00	 6.40
2012_01_04 20:39:49	41.90	30.10	38.70	88.20	316.20	 8.00	 3.60
2012_01_04 20:48:03	41.80	30.10	38.80	89.00	310.20	 8.00	 2.60
2012_01_04 20:54:18	41.80	30.10	38.80	89.00	302.80	 8.00	 2.20
2012_01_04 21:00:32	42.20	30.10	38.60	87.00	99.60	 8.00	 4.80
2012_01_04 21:06:46	42.50	30.10	38.80	86.40	177.80	 9.00	 2.20
2012_01_04 21:13:01	42.50	30.10	38.70	86.60	186.00	 9.00	 4.00
2012_01_04 21:19:16	45.70	30.10	36.70	71.00	168.80	23.00	13.80
2012_01_04 21:25:30	53.50	30.10	32.30	44.40	167.00	23.00	16.00
2012_01_04 21:31:44	57.30	30.10	32.00	38.00	181.00	28.00	15.60
2012_01_04 21:37:58	57.70	30.10	31.10	36.20	168.80	34.00	16.20
2012_01_04 21:44:13	58.20	30.10	30.40	34.60	141.20	41.00	20.20
2012_01_04 21:50:27	57.90	30.10	30.50	35.20	149.40	47.00	22.40
2012_01_04 21:56:41	57.70	30.10	29.70	34.20	134.60	47.00	25.60
2012_01_04 22:02:56	57.40	30.10	30.00	35.00	224.00	47.00	 4.60
2012_01_04 22:09:11	57.00	30.10	29.90	35.40	115.00	38.00	15.20
2012_01_04 22:15:25	56.70	30.10	30.60	36.80	199.40	51.00	24.20
2012_01_04 22:21:39	55.60	30.10	32.00	40.60	169.20	51.00	23.00
2012_01_04 22:27:54	54.70	30.10	32.60	42.80	159.80	51.00	18.80
2012_01_04 22:34:09	54.70	30.10	33.50	44.40	172.80	51.00	25.20
2012_01_04 22:40:23	55.50	30.10	34.20	44.40	160.00	45.00	21.80
2012_01_04 22:46:37	55.60	30.10	34.40	44.60	160.40	45.00	21.60
2012_01_04 22:52:51	55.50	30.10	35.80	47.40	165.00	56.00	30.40
2012_01_04 23:00:06	55.70	30.10	35.90	47.20	155.80	56.00	29.60
2012_01_04 23:06:35	55.30	30.10	36.20	48.60	140.60	49.00	22.20
2012_01_04 23:13:24	54.60	30.10	37.10	51.40	129.20	49.00	23.20
2012_01_04 23:20:17	54.10	30.10	37.60	53.60	145.80	49.00	27.00
2012_01_04 23:26:35	53.70	30.10	37.90	55.00	161.60	49.00	23.40
2012_01_04 23:32:54	53.70	30.10	38.10	55.40	152.80	51.00	30.40
2012_01_04 23:39:10	53.50	30.10	38.50	56.60	146.00	50.00	25.80
2012_01_04 23:45:25	53.40	30.10	38.70	57.20	155.80	50.00	23.80
2012_01_04 23:51:43	53.10	30.10	39.20	59.20	163.80	51.00	21.00
2012_01_04 23:57:59	52.50	30.10	39.10	60.20	179.40	51.00	24.40
2012_01_05 00:04:16	51.50	30.10	39.00	62.20	169.20	51.00	19.40
2012_01_05 00:10:31	50.90	30.10	39.30	64.20	159.80	26.00	16.40
2012_01_05 00:16:45	50.50	30.10	38.90	64.20	177.60	32.00	19.40
2012_01_05 00:22:59	51.60	30.10	38.30	60.40	181.80	32.00	23.20
2012_01_05 00:29:16	52.30	30.10	38.00	58.00	170.40	32.00	23.40
2012_01_05 00:35:31	52.40	30.10	37.80	57.40	176.00	33.00	19.80
2012_01_05 00:41:45	52.60	30.10	37.90	57.20	157.40	40.00	25.00
2012_01_05 00:48:00	52.50	30.10	38.00	57.80	170.60	43.00	26.80
2012_01_05 00:54:15	51.90	30.10	38.20	59.40	175.20	47.00	26.00
2012_01_05 01:00:30	51.30	30.10	38.50	61.40	156.20	47.00	27.00
2012_01_05 01:06:45	50.90	30.10	38.50	62.20	156.20	34.00	25.00
2012_01_05 01:12:59	51.20	30.10	38.50	61.80	170.60	52.00	29.20
2012_01_05 01:19:15	51.60	30.10	38.30	60.40	155.60	52.00	24.40
2012_01_05 01:25:29	51.60	30.10	38.50	60.80	151.60	52.00	23.00
2012_01_05 01:31:44	51.50	30.10	38.50	60.80	153.80	54.00	33.20
2012_01_05 01:37:58	51.50	30.10	38.50	61.00	150.80	56.00	29.00
2012_01_05 01:44:12	51.40	30.10	38.40	61.00	167.00	60.00	18.00
2012_01_05 01:50:25	51.20	30.10	38.30	61.40	139.80	60.00	32.80
2012_01_05 01:56:39	51.00	30.10	38.50	62.00	132.60	60.00	29.20
2012_01_05 02:02:54	50.70	30.10	38.20	62.00	132.60	60.00	28.20
2012_01_05 02:09:09	50.60	30.10	38.40	62.80	142.00	57.00	26.80
2012_01_05 02:15:24	50.20	30.10	38.40	63.60	154.00	57.00	34.00
2012_01_05 02:21:38	49.90	30.10	38.60	65.00	161.00	57.00	32.40
2012_01_05 02:27:52	49.50	30.10	38.60	66.20	147.60	57.00	25.80
2012_01_05 02:34:07	49.10	30.10	38.60	67.00	137.00	57.00	22.80
2012_01_05 02:40:22	48.90	30.10	38.60	67.60	148.80	56.00	31.40
2012_01_05 02:46:37	48.50	30.10	38.60	68.40	153.00	56.00	25.80
2012_01_05 02:52:53	48.50	30.10	38.80	69.00	162.80	56.00	26.60
2012_01_05 03:00:25	48.50	30.10	38.60	68.40	141.60	56.00	28.80
2012_01_05 03:06:40	48.30	30.10	38.60	69.20	148.20	46.00	24.40
2012_01_05 03:12:54	48.20	30.10	39.00	70.20	163.80	46.00	25.80
2012_01_05 03:19:08	48.10	30.10	38.90	70.20	146.20	46.00	26.80
2012_01_05 03:25:22	48.00	30.10	38.80	70.20	150.80	50.00	24.60
2012_01_05 03:31:35	48.00	30.10	38.90	70.60	125.00	50.00	22.60
2012_01_05 03:37:50	47.80	30.10	39.00	71.40	146.40	46.00	28.60
2012_01_05 03:44:05	47.80	30.10	38.90	71.00	148.80	46.00	22.80
2012_01_05 03:50:21	47.80	30.10	38.70	70.60	160.60	49.00	23.40
2012_01_05 03:56:37	47.60	30.10	38.90	71.60	151.60	49.00	26.20
2012_01_05 04:10:19	47.40	30.10	38.50	71.00	167.00	59.00	25.60
2012_01_05 04:16:34	47.40	30.10	38.40	70.60	149.80	59.00	24.60
2012_01_05 04:22:49	47.30	30.10	38.50	71.20	148.40	59.00	18.00
2012_01_05 04:30:05	47.40	30.10	38.60	71.40	150.60	59.00	20.80
2012_01_05 04:36:27	47.20	30.10	38.90	72.80	145.20	38.00	24.00
2012_01_05 04:42:46	47.20	30.10	39.00	73.00	147.00	40.00	18.80
2012_01_05 04:49:06	47.40	30.10	39.00	72.40	152.20	44.00	27.40
2012_01_05 04:55:22	47.30	30.10	39.00	72.80	150.40	44.00	29.60
2012_01_05 05:01:36	47.30	30.10	38.90	72.60	163.80	48.00	23.00
2012_01_05 05:07:50	47.40	30.10	38.50	71.00	140.20	49.00	23.00
2012_01_05 05:14:04	47.40	30.10	38.50	71.20	152.60	49.00	20.00
2012_01_05 05:20:18	47.20	30.10	38.70	72.20	133.20	50.00	22.60
2012_01_05 05:26:34	47.10	30.10	38.90	73.00	141.40	50.00	12.00
2012_01_05 05:32:50	47.00	30.10	39.10	73.60	139.20	50.00	21.20
2012_01_05 05:39:04	46.90	30.10	39.20	74.20	102.80	33.00	19.80
2012_01_05 05:45:21	46.90	30.10	39.10	74.00	130.40	35.00	21.00
2012_01_05 05:51:36	46.80	30.10	39.00	74.00	134.60	38.00	19.60
2012_01_05 05:57:51	46.80	30.10	39.10	74.20	138.00	45.00	17.80
2012_01_05 06:04:07	46.60	30.10	38.90	74.20	176.40	45.00	 8.00
2012_01_05 06:10:21	46.60	30.10	38.70	73.80	136.40	36.00	17.60
2012_01_05 06:16:35	46.60	30.10	38.00	72.00	133.20	50.00	22.00
2012_01_05 06:22:49	46.40	30.10	38.00	72.20	137.20	50.00	25.60
2012_01_05 06:29:18	46.10	30.10	37.80	72.60	147.40	50.00	33.40
2012_01_05 06:35:33	46.20	30.10	37.10	70.40	140.00	56.00	29.00
2012_01_05 06:41:47	46.30	30.10	36.30	68.00	140.80	56.00	21.40
2012_01_05 06:48:01	46.10	30.10	36.40	68.80	162.00	56.00	16.80
2012_01_05 06:54:14	45.90	30.10	36.80	70.20	148.40	56.00	27.00
2012_01_05 07:00:28	45.70	30.10	37.20	72.00	143.80	56.00	23.00
2012_01_05 07:06:41	45.60	30.10	36.90	71.20	162.60	41.00	25.20
2012_01_05 07:12:55	45.50	30.10	36.60	70.60	160.40	46.00	20.40
2012_01_05 07:19:09	45.50	30.10	36.40	70.40	157.00	46.00	21.20
2012_01_05 07:25:22	45.20	30.10	36.90	72.60	149.40	46.00	20.00
2012_01_05 07:31:36	45.20	30.10	36.70	72.00	137.80	46.00	22.20
2012_01_05 07:37:49	45.20	30.10	36.60	71.80	110.40	39.00	16.00
2012_01_05 07:44:03	45.20	30.10	36.10	70.40	158.20	44.00	19.40
2012_01_05 07:50:17	44.90	30.20	35.50	69.20	169.40	44.00	24.40
2012_01_05 07:56:31	44.80	30.20	34.70	67.60	175.80	44.00	19.60
2012_01_05 08:02:44	44.80	30.20	34.30	66.40	172.40	44.00	22.60
2012_01_05 08:08:58	44.70	30.20	34.10	66.00	172.80	39.00	20.00
2012_01_05 08:15:12	44.70	30.20	33.30	64.00	178.60	39.00	21.80
2012_01_05 08:21:26	44.60	30.20	33.40	64.60	172.60	40.00	22.20
2012_01_05 08:27:40	44.40	30.20	33.00	64.00	168.80	42.00	21.80
2012_01_05 08:33:53	44.30	30.20	32.70	63.60	159.60	42.00	26.00
2012_01_05 08:40:07	44.30	30.20	32.40	62.80	158.80	53.00	21.00
2012_01_05 08:46:21	44.10	30.20	32.50	63.40	157.20	53.00	23.20
2012_01_05 08:52:35	44.00	30.20	32.30	63.20	155.20	53.00	17.60
2012_01_05 08:58:48	44.00	30.20	32.00	62.60	146.80	53.00	19.40
2012_01_05 09:05:02	44.00	30.20	32.10	62.60	153.60	53.00	23.20
2012_01_05 09:11:15	43.90	30.20	32.00	62.60	156.60	38.00	22.20
2012_01_05 09:17:29	43.90	30.20	31.60	61.80	164.00	39.00	22.40
2012_01_05 09:23:42	43.70	30.20	32.00	63.20	153.80	39.00	20.40
2012_01_05 09:29:56	43.70	30.20	32.00	63.20	161.00	39.00	16.60
2012_01_05 09:36:10	43.80	30.20	31.70	62.20	135.60	46.00	18.20
2012_01_05 09:42:24	44.00	30.20	31.60	61.40	140.00	46.00	16.80
2012_01_05 09:48:37	44.30	30.20	31.70	61.00	162.40	46.00	17.40
2012_01_05 09:54:50	44.20	30.20	31.50	60.80	168.80	46.00	14.20
2012_01_05 10:01:04	44.20	30.20	31.80	61.60	152.80	46.00	20.00
2012_01_05 10:07:24	43.80	30.20	32.00	62.80	157.20	41.00	21.80
2012_01_05 10:13:46	43.60	30.20	32.10	63.60	172.80	47.00	24.20
2012_01_05 10:20:00	43.70	30.20	32.00	63.40	144.00	47.00	18.60
2012_01_05 10:26:14	43.90	30.20	31.90	62.60	131.20	48.00	13.00
2012_01_05 10:32:27	43.90	30.20	32.00	62.80	130.00	48.00	19.00
2012_01_05 10:38:41	44.00	30.20	32.00	62.60	113.40	42.00	16.60
2012_01_05 10:44:54	44.00	30.20	31.80	62.00	156.00	42.00	18.40
2012_01_05 10:51:08	44.10	30.20	31.70	61.60	169.80	42.00	 8.40
2012_01_05 10:57:22	44.10	30.20	31.50	61.00	141.20	42.00	14.00
2012_01_05 11:03:36	43.80	30.20	31.10	60.80	159.20	54.00	21.40
2012_01_05 11:09:49	44.00	30.20	31.40	61.00	121.40	50.00	20.80
2012_01_05 11:16:03	44.00	30.20	31.00	60.00	133.40	50.00	10.60
2012_01_05 11:22:18	44.20	30.20	31.20	60.20	140.00	50.00	11.80
2012_01_05 11:28:32	44.10	30.20	31.20	60.20	161.20	50.00	25.60
2012_01_05 11:34:46	43.90	30.20	30.50	59.00	173.20	50.00	12.80
2012_01_05 11:40:59	44.00	30.20	30.70	59.20	149.00	50.00	20.00
2012_01_05 11:47:15	44.00	30.20	30.50	58.80	166.00	50.00	18.20
2012_01_05 11:53:28	44.00	30.20	30.40	58.40	149.20	50.00	20.80
2012_01_05 11:59:42	43.90	30.20	30.90	60.00	143.60	50.00	26.80
2012_01_05 12:05:56	43.90	30.20	31.00	60.20	138.40	50.00	22.00
2012_01_05 12:12:09	44.30	30.20	30.80	58.80	171.80	53.00	12.20
2012_01_05 12:18:24	44.60	30.20	30.80	58.00	163.60	53.00	26.80
2012_01_05 12:24:38	44.80	30.20	30.40	56.80	183.60	53.00	24.40
